202406010105
202406010107
202406010109
202406010110
202406010111
202408010105
202408010106
202408010110
202408010111
202408010112
202406010204
202406010205
202406010206
202406010209
202406010211
202408010205
202408010206
202408010209
202408010210
202408010212
202406010305
202406010306
202406010308
202406010311
202406010312
202408010305
202408010306
202408010310
202408010311
202408010312
202406010405
202406010406
202406010409
202406010411
202406010412
202408010405
202408010406
202408010410
202408010411
202408010412
202410010102
202410010104
202410010105
202410010106
202410010108
202410010110
202410010111
202410010112
202406010505
202406010507
202406010509
202406010511
202406010512
202408010505
202408010506
202408010509
202408010511
202408010512
202410010202
202410010204
202410010205
202410010206
202410010207
202410010209
202410010210
202410010212
202406010605
202406010606
202406010610
202406010611
202406010612
202408010605
202408010606
202408010609
202408010611
202408010612
202410010302
202410010304
202410010305
202410010306
202410010307
202410010309
202410010310
202410010312
202406010705
202406010706
202406010709
202406010711
202406010712
202408010704
202408010705
202408010707
202408010709
202408010712
202410010402
202410010404
202410010405
202410010406
202410010407
202410010409
202410010410
202410010412
202405010105
202405010106
202405010110
202405010111
202405010112
202408020105
202408020108
202408020110
202408020112
202410010502
202410010504
202410010505
202410010506
202410010508
202410010509
202410010511
202410010512
202405010205
202405010206
202405010209
202405010210
202405010212
202408020205
202408020206
202408020210
202408020211
202408020212
202410010602
202410010604
202410010605
202410010606
202410010608
202410010610
202410010611
202410010612
202405010305
202405010306
202405010307
202405010309
202405010310
202405010311
202408020305
202408020307
202408020308
202408020310
202410010702
202410010704
202410010705
202410010706
202410010707
202410010709
202410010711
202410010712
202405010405
202405010406
202405010407
202405010409
202405010411
202408020405
202408020406
202408020408
202408020409
202408020411
202410010802
202410010804
202410010805
202410010806
202410010807
202410010809
202410010811
202410010812
202405010505
202405010506
202405010507
202405010509
202405010510
202405010511
202408020505
202408020509
202408020510
202408020511
202410020102
202410020104
202410020105
202410020106
202410020108
202410020109
202410020110
202410020112
202405010605
202405010606
202405010608
202405010609
202405010611
202408020605
202408020606
202408020608
202408020609
202408020611
202410020202
202410020204
202410020205
202410020206
202410020207
202410020209
202410020210
202410020211
202405010705
202405010706
202405010708
202405010709
202405010711
202408020705
202408020706
202408020709
202408020711
202410020302
202410020304
202410020305
202410020306
202410020308
202410020309
202410020310
202410020312
202405010804
202405010805
202405010806
202405010808
202405010810
202408020805
202408020807
202408020810
202408020812
202410020402
202410020404
202410020405
202410020407
202410020408
202410020410
202410020411
202410020412
202406020105
202406020107
202406020109
202406020110
202406020111
202409010105
202409010107
202409010109
202409010112
202410020502
202410020504
202410020505
202410020506
202410020508
202410020509
202410020511
202410020512
202406020205
202406020206
202406020209
202406020211
202409010204
202409010207
202409010209
202409010210
202409010211
202410020602
202410020604
202410020605
202410020606
202410020607
202410020610
202410020611
202410020612
202406020305
202406020306
202406020308
202406020309
202406020311
202409010304
202409010305
202409010309
202409010311
202409010312
